Fingerings for two octaves (left hand / right hand)
C: RH: 1 2 3 1 2 3 4 1 2 3 1 2 3 4 5 / LH: 5 4 3 2 1 3 2 1 4 3 2 1 3 2 1
G: RH: 1 2 3 1 2 3 4 1 2 3 1 2 3 4 5 / LH: 5 4 3 2 1 3 2 1 4 3 2 1 3 2 1
D: RH: 1 2 3 1 2 3 4 1 2 3 1 2 3 4 5 / LH: 5 4 3 2 1 3 2 1 4 3 2 1 3 2 1
A: RH: 1 2 3 1 2 3 4 1 2 3 1 2 3 4 5 / LH: 5 4 3 2 1 3 2 1 4 3 2 1 3 2 1
E: RH: 1 2 3 1 2 3 4 1 2 3 1 2 3 4 5 / LH: 5 4 3 2 1 3 2 1 4 3 2 1 3 2 1
B: RH: 1 2 3 1 2 3 4 1 2 3 1 2 3 4 5 / LH: 4 3 2 1 4 3 2 1 3 2 1 4 3 2 1
F#: RH: 2 3 4 1 2 3 1 2 3 4 1 2 3 1 2 / LH: 4 3 2 1 3 2 1 4 3 2 1 3 2 1 3
F: RH: 1 2 3 4 1 2 3 1 2 3 4 1 2 3 4 / LH: 5 4 3 2 1 3 2 1 4 3 2 1 3 2 1
Bb: RH: 2 1 2 3 1 2 3 4 1 2 3 1 2 3 4 / LH: 3 2 1 4 3 2 1 3 2 1 4 3 2 1 3
Eb: RH: 3 1 2 3 4 1 2 3 1 2 3 4 1 2 3 / LH: 3 2 1 4 3 2 1 3 2 1 4 3 2 1 3
Ab: RH: 3 4 1 2 3 1 2 3 4 1 2 3 1 2 3 / LH: 3 2 1 4 3 2 1 3 2 1 4 3 2 1 3
Db: RH: 2 3 1 2 3 4 1 2 3 1 2 3 4 1 2 / LH: 3 2 1 4 3 2 1 3 2 1 4 3 2 1 3 
